1   .98896089267019175976
2   .98220537524020111084
3   .96753532996240114093
4   .97981959744232763940
5   .93747723075763476250
6   .93382886603098330705
7   .92856520711237199347
8   .92418388071531183434
9   .90767116289818407385
10   .91012866638209646929
11   .90752766630183631278
12   .90972924869866270068
13   .89818860203406150327
14   .89966123762794005955
15   .89548334453297494480
16   .87976422045387562628
17   .84399457136394480886
18   .84564914388024522080
19   .84308874202112636276
20   .84488321804204829780
