1   0.694136
2   0.350322
3   0.237004
4   0.180716
5   0.152613
6   0.128655
7   0.111164
8   0.098231
9   0.089882
10   0.081937
11   0.075629
12   0.070827
13   0.064618
14   0.060926
15   0.058098
16   0.054736
17   0.054617
18   0.051596
19   0.048983
20   0.047321
21   0.082608
22   0.079763
23   0.076165
24   0.073404
25   0.070515
26   0.068087
27   0.066163
28   0.064020
29   0.061303
30   0.059890
31   0.059163
32   0.056871
33   0.055567
34   0.053627
35   0.052403
36   0.051544
37   0.050499
38   0.049408
39   0.048734
40   0.047245
