1   .99406168243687116069
2   1.96965648746010812909
3   2.91140233920102614301
4   3.81822306823966887270
5   4.52133173451802926356
6   5.36328941743422331040
7   6.20717138642006404951
8   7.02440166546202319023
9   7.67688747468903673705
10   8.42127488192147625614
11   9.12366949186158748628
12   9.74224518898160306097
13   10.67835587607168281283
14   11.32544398122312313298
15   11.87672553272057557919
16   12.60621894182987430575
17   12.63368548254206565721
18   13.37340103884022017210
19   14.08680562644182675622
20   14.58155998393947718771
21   8.35287139260120085221
22   8.65080300389905093840
23   9.05946300794328103459
24   9.40022342106697182714
25   9.78535063461674820960
26   10.13429876481560356602
27   10.42900110333570122273
28   10.77810059356451109028
29   11.25579498556351238927
30   11.52135581900150275505
31   11.66293122390683366293
32   12.13296759332524485238
33   12.41769395504526067630
34   12.86691405448747832248
35   13.16745224510047134706
36   13.38689275182368461896
37   13.66391413691360224954
38   13.96563309585492227979
39   14.15878031764271350597
40   14.60501640385225949835
